771 3
1126
2361 7
3257
5393 14
5523
6135 16
6290
11818 34
11888 35
11947 34
11979 35
12011 34
12142 35
12273 34
12539 35
12797 34
13812 35
14167 34
14563 35
14705 34
15054 35
15177 34
15492 35
15617 34
15895 35
15945 34
16920 35
17171 34
17419 35
17561 34
17795 35
18043 34
18725 35
19235 34
19871 35
19971 34
20339 35
20577 34
20700 35
20842 34
21163 35
21419 34
21855 35
22404 34
23669 35
24131 34
24273 35
24385 34
24952 35
25094 34
25398 35
25677 34
26307 35
26382 34
26751 35
27048 34
27864 35
28230 34
28994 35
29466 34
30316 35
31167 34
31497 35
31774 34
32670 35
32893 34
33193 35
33276 34
33487 35
33537 34
33989 35
34258 34
34927 35
35355 34
35909 35
36120 34
36386 35
36672 34
39111 35
40487 34
41338 35
41657 34
42099 35
42174 34
42466 35
42772 34
43383 35
43931 34
44528 35
44578 34
44917 35
45212 34
46063 35
46391 34
47396 35
47538 34
47558 35
47950 34
48321 35
48553 34
48865 35
49144 34
49378 35
49674 34
49967 35
50270 34
50539 35
50924 34
51365 35
51646 34
52105 35
52664 34
52810 35
53159 34
53298 35
53809 34
54368 35
54645 34
54955 35
55248 34
55773 35
55969 34
56142 35
56265 34
56368 35
57195 34
57766 35
60917 34
61249 35
62217 34
62706 35
63356 34
63828 35
64201 34
64222 35
64544 34
64897 35
64972 34
65208 35
65556 34
65920 35
66175 34
66225 35
66554 34
66835 35
66935 34
67188 35
67461 34
67809 35
68072 34
68315 35
68638 34
69370 35
69601 34
70252 35
70583 34
71432 35
71820 34
72107 35
72404 34
72690 35
72994 34
73015 35
73404 34
73715 35
73945 34
74205 35
75059 34
75428 35
77399 34
77449 35
81286 34
81634 35
85502 34
85763 35
88303 34
88602 35
90157 34
90177 35
90227 34
91119 35
91210 34
91533 35
91609 34
91914 35
91942 34
92848 35
93095 34
100883 35
100933 34
103910 35
104296 34
108460 35
108576 34
115044 35
115118 34
137213 35
137614 34
140705 35
140742 34
141685 35
142032 34
142613 35
143321
143617 36
143640 34
456735
457660 39
457683
457991 40
458078
